RootNode
1 0 -0 0
0 1 -0 0
-0 -0 1 -0
0 0 -0 1
2
JOINTS_TOP_$AssimpFbx$_Translation
1 0 -0 0
0 1 -0 0
-0 -0 1 -0
0 0 -0 1
1
JOINTS_TOP_$AssimpFbx$_PreRotation
1 0 -0 0
0 -4.37114e-08 -1 0
-0 1 -4.37114e-08 -0
0 0 -0 1
1
JOINTS_TOP_$AssimpFbx$_Rotation
1 0 -0 0
0 6.63559e-05 1 0
-0 -1 6.63559e-05 -0
0 0 -0 1
1
JOINTS_TOP_$AssimpFbx$_Scaling
1 0 -0 0
0 1 -0 0
-0 -0 1 -0
0 0 -0 1
1
JOINTS_TOP
1 0 -0 0
0 1 -0 0
-0 -0 1 -0
0 0 -0 1
1
j_pelvis
1 0 -0 0
0 1 -0 22.7079
-0 -0 1 -22.1937
0 0 -0 1
7
j_leg_3_1_r
0.548166 0.197932 0.812611 -20.1147
-0.374115 0.927002 0.0265729 0
-0.748032 -0.318576 0.5822 15.4515
0 0 -0 1
1
j_leg_3_2_r
0.667567 -0.74455 6.78146e-08 -49.0921
0.74455 0.667567 5.05231e-08 -1.15948
-8.28877e-08 1.67638e-08 1 -3.8147e-06
0 0 -0 1
1
j_leg_3_3_r
0.884603 0.440427 0.153299 -43.9875
-0.428719 0.897396 -0.104311 -16.9396
-0.183512 0.026552 0.982659 -1.90735e-06
0 0 -0 1
1
j_leg_3_4_r
1 0 -0 -13.5109
0 1 -0 -0.126118
-0 -0 1 -7.62939e-06
0 0 -0 1
1
j_leg_3_5_r
1 0 -0 -9.22215
0 1 -0 -0.00832415
-0 -0 1 -0.075119
0 0 -0 1
1
j_leg_3_end_r
1 0 -0 -15.5387
0 1 -0 0
-0 -0 1 -3.8147e-06
0 0 -0 1
0
j_leg_2_1_r
0.972561 0.232648 -0 -20.1147
-0.232648 0.972561 -0 0
-0 -0 1 -0
0 0 -0 1
1
j_leg_2_2_r
0.821064 -0.570836 -0 -39.4112
0.570836 0.821064 -0 -1.15948
-0 -0 1 -3.8147e-06
0 0 -0 1
1
j_leg_2_3_r
0.931344 0.36414 -0 -28.6526
-0.36414 0.931344 -0 -17.9333
-0 -0 1 -0
0 0 -0 1
1
j_leg_2_4_r
1 0 -0 -10.3369
0 1 -0 2.38419e-07
-0 -0 1 -0
0 0 -0 1
1
j_leg_2_5_r
1 0 -0 -6.4772
0 1 -0 0
-0 -0 1 -0
0 0 -0 1
1
j_leg_2_end_r
1 0 -0 -10.0241
0 1 -0 0
-0 -0 1 -0
0 0 -0 1
0
j_leg_1_1_r
0.717153 0.204686 -0.66618 -20.1147
-0.281424 0.959549 -0.00813311 -3.8147e-06
0.637567 0.193312 0.745747 -15.121
0 0 -0 1
1
j_leg_1_2_r
0.723701 -0.690114 -2.08279e-08 -39.4112
0.690114 0.723701 -1.02096e-08 -1.15947
2.21189e-08 -6.98492e-09 1 1.90735e-06
0 0 -0 1
1
j_leg_1_3_r
0.887509 0.45847 -0.0461916 -28.6526
-0.457357 0.888673 0.0329303 -17.9333
0.0561468 -0.00809986 0.99839 -9.53674e-07
0 0 -0 1
1
j_leg_1_4_r
1 0 -0 -10.3368
0 1 -0 0
-0 -0 1 -3.8147e-06
0 0 -0 1
1
j_leg_1_5_r
1 0 -0 -6.4772
0 1 -0 -2.38419e-07
-0 -0 1 -0
0 0 -0 1
1
j_leg_1_end_r
1 0 -0 -10.0241
0 1 -0 0
-0 -0 1 -0
0 0 -0 1
0
j_leg_1_1_l
0.658672 -0.218101 0.720127 20.1147
0.311674 0.950185 0.00270176 -3.8147e-06
-0.684843 0.222665 0.693837 -15.121
0 0 -0 1
1
j_leg_1_2_l
0.646489 0.762923 7.68387e-09 39.4113
-0.762923 0.646489 1.90237e-08 -1.1595
9.54606e-09 -1.81608e-08 1 -0
0 0 -0 1
1
j_leg_1_3_l
0.852005 -0.523335 -0.0144301 28.6526
0.523204 0.852123 -0.0120052 -17.9333
0.018579 0.00267861 0.999824 4.76837e-06
0 0 -0 1
1
j_leg_1_4_l
1 0 -0 10.3368
0 1 -0 0
-0 -0 1 -3.8147e-06
0 0 -0 1
1
j_leg_1_5_l
1 0 -0 6.47759
0 1 -0 0
-0 -0 1 3.8147e-06
0 0 -0 1
1
j_leg_1_end_l
1 0 -0 10.024
0 1 -0 0
-0 -0 1 -0
0 0 -0 1
0
j_leg_2_1_l
0.98682 -0.161823 -0 20.1147
0.161823 0.98682 -0 0
-0 -0 1 -0
0 0 -0 1
1
j_leg_2_2_l
0.918464 0.395504 -0 39.4113
-0.395504 0.918464 -0 -1.15949
-0 -0 1 -0
0 0 -0 1
1
j_leg_2_3_l
0.97036 -0.241666 -0 28.6526
0.241666 0.97036 -0 -17.9333
-0 -0 1 -0
0 0 -0 1
1
j_leg_2_4_l
1 0 -0 10.3368
0 1 -0 -2.38419e-07
-0 -0 1 -0
0 0 -0 1
1
j_leg_2_5_l
1 0 -0 6.4776
0 1 -0 4.76837e-07
-0 -0 1 -0
0 0 -0 1
1
j_leg_2_end_l
1 0 -0 10.024
0 1 -0 0
-0 -0 1 -0
0 0 -0 1
0
j_leg_3_1_l
0.449385 -0.0172992 -0.893171 20.1147
0.0661175 0.997714 0.0139419 0
0.890888 -0.0653195 0.449502 15.4515
0 0 -0 1
1
j_leg_3_2_l
0.990034 0.140826 3.42586e-08 49.0922
-0.140826 0.990034 3.59319e-09 -1.15949
-3.34112e-08 -8.3819e-09 1 1.90735e-06
0 0 -0 1
1
j_leg_3_3_l
0.992626 -0.0749836 -0.0952407 43.9871
0.0733007 0.997088 -0.0210529 -16.9396
0.096542 0.0139164 0.995232 7.62939e-06
0 0 -0 1
1
j_leg_3_4_l
1 0 -0 13.511
0 1 -0 -0.126119
-0 -0 1 3.8147e-06
0 0 -0 1
1
j_leg_3_5_l
1 0 -0 9.222
0 1 -0 -0.00832987
-0 -0 1 -0.0751057
0 0 -0 1
1
j_leg_3_end_l
1 0 -0 15.539
0 1 -0 0
-0 -0 1 7.62939e-06
0 0 -0 1
0
j_body_0
1 0 -0 0
0 1 -0 23.2415
-0 -0 1 0.45669
0 0 -0 1
6
j_body_1
1 0 -0 0
0 1 -0 -0.357841
-0 -0 1 13.6819
0 0 -0 1
1
j_body_2
1 0 -0 0
0 1 -0 -1.98568
-0 -0 1 39.7446
0 0 -0 1
1
j_body_3
1 0 -0 0
0 1 -0 -4.54922
-0 -0 1 45.3147
0 0 -0 1
1
j_body_end
1 0 -0 0
0 1 -0 -3.30582
-0 -0 1 30.0672
0 0 -0 1
0
j_neck
1 0 -0 0
0 1 -0 6.21724
-0 -0 1 -35.1111
0 0 -0 1
1
j_head
1 0 -0 0
0 1 -0 -1.64977
-0 -0 1 -14.5075
0 0 -0 1
5
j_head_end
1 0 -0 0
0 1 -0 -6.33274
-0 -0 1 -30.5513
0 0 -0 1
0
j_antennae_1_r
1 0 -0 -9.38549
0 1 -0 -4.5659
-0 -0 1 -26.4559
0 0 -0 1
1
j_antennae_2_r
1 0 -0 -18.9608
0 1 -0 3.80339
-0 -0 1 -3.45996
0 0 -0 1
1
j_antennae_3_r
1 0 -0 -11.3929
0 1 -0 0.945354
-0 -0 1 -7.04221
0 0 -0 1
1
j_antennae_end_r
1 0 -0 -8.93328
0 1 -0 1.84673
-0 -0 1 -9.01896
0 0 -0 1
0
j_pincer_1_r
1 0 -0 -6.95683
0 1 -0 -10.0469
-0 -0 1 -23.3977
0 0 -0 1
1
j_pincer_2_r
1 0 -0 -7.33723
0 1 -0 -4.60333
-0 -0 1 -9.51098
0 0 -0 1
1
j_pincer_3_r
1 0 -0 0.406167
0 1 -0 -3.14717
-0 -0 1 -13.0204
0 0 -0 1
1
j_pincer_end_r
1 0 -0 12.8225
0 1 -0 0.211384
-0 -0 1 -6.7716
0 0 -0 1
0
j_pincer_1_l
1 0 -0 6.95683
0 1 -0 -10.0468
-0 -0 1 -23.3981
0 0 -0 1
1
j_pincer_2_l
1 0 -0 7.33727
0 1 -0 -4.6034
-0 -0 1 -9.51102
0 0 -0 1
1
j_pincer_3_l
1 0 -0 -0.4062
0 1 -0 -3.1471
-0 -0 1 -13.02
0 0 -0 1
1
j_pincer_end_l
1 0 -0 -12.8225
0 1 -0 0.211308
-0 -0 1 -6.772
0 0 -0 1
0
j_antennae_1_l
1 0 -0 9.38549
0 1 -0 -4.56594
-0 -0 1 -26.4561
0 0 -0 1
1
j_antennae_2_l
1 0 -0 18.9607
0 1 -0 3.8034
-0 -0 1 -3.46
0 0 -0 1
1
j_antennae_3_l
1 0 -0 11.3929
0 1 -0 0.9454
-0 -0 1 -7.04202
0 0 -0 1
1
j_antennae_end_l
1 0 -0 8.9333
0 1 -0 1.8467
-0 -0 1 -9.019
0 0 -0 1
0
j_shell_r
1 0 -0 -7.01069
0 1 -0 42.1276
-0 -0 1 -27.1308
0 0 -0 1
1
j_shell_end_r
1 0 -0 0
0 1 -0 0
-0 -0 1 144.632
0 0 -0 1
0
j_wing_1_r
0.00715696 0.0135307 0.999883 -16.7531
0.315736 0.948727 -0.0150984 39.5211
-0.94882 0.315807 0.00251788 -3.77546
0 0 -0 1
1
j_wing_2_r
1 0 -0 -116.672
0 1 -0 7.62939e-06
-0 -0 1 -5.95543
0 0 -0 1
1
j_wing_3_r
1 0 -0 -72.6832
0 1 -0 1.52588e-05
-0 -0 1 11.6402
0 0 -0 1
1
j_wing_end_r
1 0 -0 -31.4013
0 1 -0 -1.52588e-05
-0 -0 1 31.9427
0 0 -0 1
0
j_wing_1_l
-0.00702476 0.0135519 -0.999883 19.4991
-0.315737 0.948727 0.0150768 39.5215
0.948821 0.315806 -0.00238575 -3.77592
0 0 -0 1
1
j_wing_2_l
1 0 -0 116.673
0 1 -0 0
-0 -0 1 -5.95502
0 0 -0 1
1
j_wing_3_l
1 0 -0 72.683
0 1 -0 7.62939e-06
-0 -0 1 11.64
0 0 -0 1
1
j_wing_end_l
1 0 -0 31.401
0 1 -0 0
-0 -0 1 31.9429
0 0 -0 1
0
j_shell_l
1 0 -0 6.96208
0 1 -0 42.1273
-0 -0 1 -27.1308
0 0 -0 1
1
j_shell_end_l
1 0 -0 0
0 1 -0 0
-0 -0 1 144.632
0 0 -0 1
0
beetle_01_$AssimpFbx$_PreRotation
1 0 -0 0
0 -4.37114e-08 -1 0
-0 1 -4.37114e-08 -0
0 0 -0 1
1
beetle_01
1 0 -0 0
0 1 -0 0
-0 -0 1 -0
0 0 -0 1
0